35
23
33
9
47
38
33
25
26
7
21
7
19
10
22
34
1
8
13
32
42
50
13
41
7
22
7
6
4
31
20
14
13
45
5
18
34
14
39
18
23
25
4
1
38
12
21
18
4
41
24
2
4
2
43
26
49
23
25
12
44
40
23
30
16
39
47
5
12
36
21
23
35
14
43
24
48
22
19
5
17
31
35
18
43
22
7
2
46
3
42
46
20
4
13
1
33
15
45
21
23
28
8
29
28
44
19
6
24
29
42
42
37
17
24
22
25
3
31
11
48
45
36
6
49
43
7
39
34
8
33
40
7
33
50
19
24
9
17
47
47
5
16
25
11
21
28
35
23
25
38
38
16
35
20
34
1
47
47
26
35
2
50
20
35
37
36
21
2
44
48
48
40
25
15
39
29
50
34
38
33
14
46
48
28
33
21
7
34
34
16
42
7
43
14
35
9
1
23
24
11
49
32
4
34
50
25
30
1
7
11
7
37
7
38
6
44
4
46
23
11
48
43
22
3
24
25
28
21
33
7
22
35
38
22
3
33
32
48
44
38
46
28
9
18
36
38
20
50
49
4
33
44
16
24
12
13
42
36
1
8
41
4
9
26
10
2
36
43
39
32
7
7
24
48
11
20
37
4
25
12
8
2
12
8
42
26
31
12
47
17
23
23
42
28
49
45
22
19
6
27
41
49
49
36
8
26
23
36
11
46
27
22
34
1
45
35
40
31
15
15
8
47
7
8
28
31
13
1
7
43
7
50
6
37
25
21
37
31
9
12
44
40
50
44
24
6
23
29
35
37
36
24
14
43
38
29
31
17
33
22
27
5
42
11
47
43
43
45
11
48
19
22
24
18
36
44
41
40
16
11
35
48
20
7
46
6
1
3
43
2
9
11
25
22
20
17
36
33
34
19
11
42
33
9
30
21
2
48
22
34
23
30
20
11
43
39
2
26
40
50
32
25
17
29
30
37
35
37
22
48
21
41
34
24
8
6
22
13
46
7
49
29
24
22
21
50
15
35
43
42
14
39
25
9
33
32
20
8
33
49
9
32
27
14
12
28
10
7
24
13
12
43
11
3
19
5
32
40
47
7
6
38
41
49
25
40
24
19
34
13
6
25
43
8
50
33
2
19
21
18
35
33
7
19
18
3
29
42
37
42
50
50
7
49
11
23
44
5
20
26
17
39
10
2
9
14
19
36
43
25
19
34
36
49
26
22
35
13
14
43
29
2
34
3
27
12
37
44
36
47
22
9
8
7
42
41
31
47
4
30
3
25
1
19
6
12
19
32
29
22
17
24
12
41
21
50
7
9
13
7
23
6
17
10
35
9
12
24
47
26
21
15
31
5
39
16
30
38
29
47
22
16
23
14
24
38
12
25
40
18
18
5
45
9
14
37
30
1
34
33
15
35
44
41
6
10
33
27
5
12
21
42
25
42
41
6
22
11
33
29
50
10
25
13
31
32
42
16
18
2
16
36
7
12
4
28
30
35
37
44
44
5
25
46
19
27
2
20
2
50
7
39
47
41
15
40
9
37
25
42
9
35
16
28
38
3
43
32
38
35
5
30
36
45
15
41
3
32
30
4
36
23
27
29
42
47
31
16
37
42
12
42
33
3
43
44
31
28
2
13
35
44
31
42
47
25
27
30
25
8
36
47
17
14
5
43
20
35
43
18
4
5
28
48
8
22
27
38
48
39
33
34
44
20
17
36
7
46
33
34
48
28
20
31
49
11
6
14
30
25
2
21
26
48
44
28
20
17
42
4
37
2
36
46
9
12
6
32
40
4
19
9
37
25
4
38
34
46
24
49
33
34
18
24
4
1
7
36
29
14
32
41
32
36
2
33
34
41
18
11
26
13
28
29
46
20
32
14
2
14
31
3
7
22
9
25
24
22
48
46
21
46
47
48
47
34
3
21
29
1
5
21
22
17
27
45
10
42
38
21
49
46
33
18
31
18
25
10
10
3
39
34
19
49
46
13
21
48
28
8
9
32
28
49
49
2
26
24
38
32
27
43
46
48
36
12
12
18
10
33
43
34
45
35
6
34
37
32
15
9
27
2
32
23
27
29
30
25
47
38
30
5
49
8
22
37
11
16
34
7
19
22
12
15
1
27
31
44
40
23
18
29
37
37
46
41
23
45
33
5
41
14
19
38
10
22
27
27
42
21
16
44
40
26
36
34
1
21
19
24
11
29
28
37
11
36
30
9
25
18
24
38
34
48
2
14
33
49
1
19
20
24
33
46
5
33
24
19
21
