*****************************
Name:        Varish
Class:       CS30S
Assignment:  A1.5 Q2
*****************************

41
10
12
41
39
21
33
8
4
39
35
6
7
41
6
12
9
32
36
42
13
14
19
33
45
33
43
5
45
30
14
42
5
11
24
24
13
36
34
46
18
2
42
14
12
7
11
13
32
20
31
36
43
26
30
6
37
33
48
19
1
43
25
23
33
43
44
3
14
16
40
1
50
21
15
39
22
10
17
8
25
42
34
36
15
14
11
42
25
42
22
20
36
32
44
25
27
43
14
46
40
9
2
1
23
38
30
41
39
34
1
6
42
3
9
32
14
24
29
13
5
9
1
34
12
40
18
12
19
21
14
47
1
21
35
36
14
22
46
40
22
47
37
8
15
16
8
30
30
40
47
24
13
5
20
14
43
35
28
2
3
36
42
37
17
44
6
35
27
11
33
4
42
30
48
32
50
15
24
29
40
26
27
31
22
30
27
33
37
5
21
40
8
43
35
48
13
4
2
26
16
36
19
48
1
13
47
34
35
21
33
10
6
9
3
50
33
49
14
3
10
29
7
14
40
3
3
47
13
35
50
44
46
32
36
38
16
29
21
15
29
34
23
27
48
35
19
21
23
34
39
10
25
23
17
22
41
25
48
13
3
36
17
4
48
14
36
12
6
11
26
24
35
15
18
46
19
39
29
44
49
36
34
49
45
40
10
50
4
34
2
23
22
43
15
32
17
47
46
19
22
49
29
33
28
49
32
38
1
33
39
9
21
7
16
48
10
17
10
45
50
3
3
42
24
39
29
7
8
36
48
8
26
24
30
48
25
48
15
31
18
43
2
11
43
12
47
47
44
10
35
36
24
15
20
37
37
46
12
5
17
8
47
47
34
29
1
48
18
41
40
6
6
34
30
23
16
35
23
37
17
35
46
40
43
3
1
21
27
21
41
17
11
4
20
30
2
46
24
20
41
48
31
41
14
22
2
25
40
23
20
43
43
44
9
21
11
2
41
23
1
48
47
10
49
27
2
31
47
11
4
48
46
45
4
26
48
32
25
45
23
34
34
41
43
3
5
1
49
35
25
6
38
3
4
12
45
37
40
29
41
44
7
31
29
47
5
14
2
35
48
47
37
3
14
7
27
10
15
38
24
17
4
44
45
42
47
45
26
18
46
45
12
23
26
30
48
15
50
12
35
29
40
17
3
33
32
36
50
19
3
32
18
33
44
2
42
20
37
32
43
31
21
35
47
44
11
33
43
50
2
32
31
20
10
39
2
45
16
34
42
48
22
25
13
47
4
34
19
33
11
42
44
30
15
3
8
9
28
44
21
17
43
6
4
14
36
24
13
8
8
41
9
39
12
42
44
18
22
12
30
38
38
15
33
37
20
22
11
41
40
12
4
23
15
29
43
37
3
41
4
17
26
22
42
10
31
9
11
13
9
47
8
1
49
36
35
14
45
25
5
49
9
8
24
9
32
23
42
9
32
28
16
7
28
44
19
7
29
15
44
17
42
38
10
23
24
23
30
48
23
48
20
5
18
36
20
50
32
47
27
26
33
23
18
23
2
13
16
45
36
9
3
48
45
37
33
30
10
25
12
25
44
41
8
22
25
39
25
13
35
23
13
26
42
22
4
10
15
5
37
50
19
29
3
7
43
18
25
17
34
15
5
43
37
50
20
3
30
50
20
40
8
13
20
3
18
39
11
28
15
47
18
47
38
23
47
42
41
12
48
42
6
23
7
27
12
38
4
34
25
21
13
20
3
44
6
42
11
34
30
18
44
4
10
40
18
14
26
4
33
41
42
9
28
46
3
6
4
4
2
48
3
2
49
1
8
22
49
8
6
44
24
2
37
14
20
34
34
25
14
44
29
49
5
20
7
38
35
1
35
28
20
25
6
22
31
34
48
42
38
23
38
13
13
43
36
17
32
11
49
23
8
27
22
11
48
24
17
1
49
45
16
4
37
37
29
28
31
43
20
43
7
28
13
26
45
23
17
44
50
7
18
30
35
26
17
28
40
11
39
46
6
39
30
27
47
6
19
46
14
9
18
49
24
33
28
16
42
31
40
49
6
4
47
32
16
23
36
46
11
10
48
46
21
32
45
43
36
18
15
25
39
6
49
26
6
8
34
5
46
36
25
42
42
10
25
48
9
10
16
9
5
6
2
8
8
34
15
4
35
43
45
13
39
7
43
44
17
23
34
50
4
11
46
26
21
49
45
37
34
44
11
48
44
21
50
12
44
49
49
7
18
17
26
30
24
46
22
32
39
9
43
30
43
34
27
31
41
21
14
35
39
23
40
1
26
38
4
2
End of Processing
