*****************************
Name:        Varish
Class:       CS30S
Assignment:  A1.5 Q1
*****************************

33
26
9
12
33
12
10
15
32
15
40
28
33
45
30
42
10
32
9
1
38
26
49
36
8
35
29
28
32
4
3
22
32
16
43
23
20
39
35
47
34
29
40
46
17
12
34
29
14
37
45
38
10
41
8
42
6
23
34
49
22
27
3
48
8
36
31
45
2
32
14
45
12
50
14
5
30
4
32
22
8
31
34
20
20
34
24
7
31
9
17
7
13
28
45
1
10
27
21
4
14
41
39
38
35
20
28
44
42
48
3
15
23
20
25
40
18
24
41
11
29
29
18
23
13
10
24
36
32
21
2
42
44
5
8
23
49
41
49
25
27
9
32
31
46
42
9
2
34
11
12
17
33
30
21
32
45
39
5
39
16
5
49
34
24
12
7
19
23
7
39
26
3
29
19
1
7
18
41
39
21
17
36
17
7
29
9
35
27
23
44
23
25
16
11
40
17
50
49
26
20
3
38
3
49
12
41
29
34
13
15
6
26
48
33
25
43
13
50
37
40
26
44
11
34
22
9
18
36
18
42
39
10
17
3
7
35
26
40
16
18
38
20
22
25
11
48
35
5
14
43
38
44
2
19
4
21
38
18
19
37
20
37
24
12
15
17
18
43
10
46
3
48
7
36
35
20
14
9
11
12
16
36
5
7
46
5
31
17
41
19
13
2
6
4
11
19
8
24
11
35
39
37
1
14
27
8
44
20
7
9
6
25
35
2
18
21
13
46
38
47
5
27
35
42
5
30
18
15
5
50
13
2
50
27
37
15
21
20
41
25
13
2
18
39
9
1
19
28
21
10
8
41
39
27
6
48
15
47
17
20
10
12
33
1
27
32
21
3
9
31
13
43
48
49
14
3
21
30
43
41
9
9
30
30
44
19
35
10
6
32
43
23
20
34
34
26
44
36
36
20
20
32
7
13
39
44
33
47
2
28
22
15
40
11
25
12
24
36
1
18
8
2
46
49
8
12
18
34
13
17
8
18
47
6
9
10
16
49
29
20
20
12
45
23
39
46
42
11
26
46
42
1
22
47
25
6
3
3
30
29
2
29
35
29
33
42
38
8
7
44
41
38
42
9
45
23
42
6
13
45
21
16
40
47
6
43
23
24
11
47
46
13
46
50
5
21
36
31
1
13
26
39
21
32
42
30
18
38
35
9
3
28
9
2
24
44
46
30
47
28
29
9
36
7
26
20
30
6
11
4
16
28
35
46
29
31
7
40
36
26
36
17
1
26
29
23
3
21
3
40
30
35
12
13
35
19
16
13
39
8
29
32
37
17
11
33
20
7
22
16
2
49
32
8
36
44
44
37
14
1
27
19
44
49
12
2
1
32
10
41
20
21
50
8
12
8
50
18
33
5
36
43
12
6
3
31
29
35
23
21
9
48
15
3
2
37
30
20
11
19
48
33
24
48
45
9
31
40
49
47
2
23
46
22
46
44
47
8
46
5
39
43
9
38
35
15
45
24
5
38
30
45
8
15
22
43
23
48
11
14
46
20
44
3
40
38
18
49
3
50
10
30
36
32
40
23
31
18
27
8
45
45
22
43
49
6
23
43
40
15
28
26
45
5
36
35
32
9
10
5
15
32
28
8
2
5
44
10
3
34
37
18
43
32
41
14
19
3
24
19
29
43
16
42
15
35
49
7
17
34
6
21
47
10
21
35
46
31
13
32
27
48
21
32
8
48
40
22
18
48
25
7
17
32
29
37
4
42
38
47
25
33
18
17
40
35
26
21
11
7
45
3
24
20
32
32
16
38
41
15
25
38
25
41
48
27
30
3
24
49
48
14
32
33
11
32
26
10
46
13
18
18
38
45
47
5
38
22
18
9
4
43
22
48
21
4
39
22
19
17
41
26
39
47
20
22
19
14
15
45
15
25
50
9
5
49
2
13
3
2
35
32
7
8
45
4
21
1
17
4
42
49
32
10
22
36
6
41
6
31
10
50
32
18
27
43
8
32
38
31
34
20
46
14
38
20
27
38
24
40
14
30
15
5
13
35
24
17
17
23
23
12
41
47
34
25
50
29
19
46
34
39
39
49
31
15
29
47
9
6
24
36
7
1
44
36
34
41
40
50
22
3
13
5
8
38
11
46
19
9
31
49
21
37
3
14
33
20
21
12
2
22
50
28
15
4
31
15
20
20
15
39
23
4
46
21
21
9
47
44
39
44
46
37
41
7
44
39
41
21
14
27
26
46
12
4
30
6
22
24
1
11
37
18
43
33
23
41
33
48
45
17
13
4
49
19
28
5
8
End of Processing
